0.0
0.017453277777777776
0.03490655555555555
0.05235983333333333
10
0.0872663888888889
0.10471966666666666
0.12217294444444443
0.1396262222222222
0.1570795
0.1745327777777778
0.19198605555555556
0.2094393333333333
0.2268926111111111
0.24434588888888886
0.26179916666666664
0.2792524444444444
0.2967057222222222
0.314159
-15
0.3490655555555556
0.3665188333333333
0.3839721111111111
0.40142538888888885
0.4188786666666666
0.43633194444444445
0.4537852222222222
0.4712385
0.4886917777777777
0.5061450555555556
0.5235983333333333
0.5410516111111111
0.5585048888888888
0.5759581666666667
0.5934114444444444
0.6108647222222222
0.628318
0.6457712777777778
0.6632245555555556
0.6806778333333333
0.6981311111111111
0.7155843888888888
0.7330376666666666
0.7504909444444444
0.7679442222222223
0.7853975
0.8028507777777777
0.8203040555555555
0.8377573333333332
0.8552106111111111
0.8726638888888889
0.8901171666666667
0.9075704444444443
0.9250237222222222
0.942477
0.9599302777777778
0.9773835555555554
0.9948368333333333
1.0122901111111111
1.0297433888888887
1.0471966666666666
1.0646499444444444
1.0821032222222222
1.0995564999999998
1.1170097777777777
1.1344630555555555
1.1519163333333333
1.1693696111111112
1.1868228888888888
1.2042761666666666
1.2217294444444444
1.2391827222222223
1.256636
1.2740892777777777
1.2915425555555555
1.3089958333333334
1.3264491111111112
1.3439023888888888
1.3613556666666666
1.3788089444444445
1.3962622222222223
1.4137155
1.4311687777777775
1.4486220555555553
1.4660753333333332
1.483528611111111
1.5009818888888888
1.5184351666666667
1.5358884444444445
1.553341722222222
1.570795
1.5882482777777776
1.6057015555555554
1.6231548333333332
1.640608111111111
1.6580613888888889
1.6755146666666665
1.6929679444444443
1.7104212222222221
5
1.7453277777777778
1.7627810555555556
1.7802343333333335
1.7976876111111113
1.8151408888888887
1.8325941666666665
1.8500474444444444
1.8675007222222222
1.884954
1.9024072777777778
1.9198605555555557
1.937313833333333
1.954767111111111
1.9722203888888887
1.9896736666666666
2.0071269444444444
2.0245802222222222
2.0420335
2.0594867777777774
2.0769400555555553
2.094393333333333
2.111846611111111
2.1292998888888888
2.1467531666666666
2.1642064444444444
2.181659722222222
2.1991129999999997
2.2165662777777775
2.2340195555555553
2.251472833333333
2.268926111111111
2.286379388888889
2.3038326666666666
2.3212859444444445
2.3387392222222223
2.3561924999999997
2.3736457777777775
2.3910990555555554
2.408552333333333
2.426005611111111
2.443458888888889
2.4609121666666667
2.4783654444444445
2.4958187222222223
2.513272
2.530725277777778
2.5481785555555554
2.5656318333333332
2.583085111111111
2.600538388888889
2.6179916666666667
2.6354449444444445
2.6528982222222224
2.6703514999999998
2.6878047777777776
2.7052580555555554
2.7227113333333333
2.740164611111111
2.757617888888889
2.7750711666666668
2.7925244444444446
2.809977722222222
2.827431
2.8448842777777776
2.862337555555555
2.8797908333333333
2.8972441111111107
2.914697388888889
2.9321506666666663
2.9496039444444446
2.967057222222222
2.9845104999999994
3.0019637777777777
3.019417055555555
3.0368703333333333
3.0543236111111107
3.071776888888889
3.0892301666666664
3.106683444444444
3.124136722222222
3.14159
3.1590432777777777
3.176496555555555
3.1939498333333334
3.2114031111111108
3.2288563888888886
3.2463096666666664
3.2637629444444443
3.281216222222222
3.2986695
3.3161227777777778
3.3335760555555556
3.351029333333333
3.3684826111111112
3.3859358888888886
3.4033891666666665
3.4208424444444443
3.438295722222222
3.455749
3.473202277777778
3.4906555555555556
3.508108833333333
3.5255621111111113
3.5430153888888887
3.560468666666667
3.5779219444444443
3.5953752222222226
3.6128285
3.6302817777777774
3.6477350555555557
3.665188333333333
3.6826416111111113
3.7000948888888887
3.717548166666667
3.7350014444444444
3.7524547222222218
3.769908
3.7873612777777774
3.8048145555555557
3.822267833333333
3.8397211111111114
3.8571743888888887
3.874627666666666
3.8920809444444444
3.909534222222222
3.9269875
3.9444407777777775
3.9618940555555557
3.979347333333333
3.9968006111111105
4.014253888888889
4.031707166666666
4.0491604444444445
4.066613722222222
4.084067
4.1015202777777775
4.118973555555555
4.136426833333333
4.1538801111111106
4.171333388888889
4.188786666666666
4.2062399444444445
4.223693222222222
4.241146499999999
4.2585997777777775
4.276053055555555
4.293506333333333
4.310959611111111
4.328412888888889
4.345866166666666
4.363319444444444
4.380772722222222
4.398225999999999
4.415679277777778
4.433132555555555
4.450585833333333
4.468039111111111
4.485492388888888
4.502945666666666
4.520398944444444
4.537852222222222
4.555305499999999
4.572758777777778
4.590212055555555
4.607665333333333
4.625118611111111
4.642571888888889
4.660025166666666
4.677478444444445
4.694931722222222
4.712384999999999
4.729838277777778
4.747291555555555
4.764744833333333
4.782198111111111
4.799651388888889
4.817104666666666
4.834557944444445
4.852011222222222
4.8694645
4.886917777777778
4.904371055555556
4.921824333333333
4.939277611111111
4.956730888888889
4.974184166666666
4.991637444444445
5.009090722222222
5.026544
5.043997277777778
5.061450555555556
5.078903833333333
5.096357111111111
5.113810388888889
5.1312636666666664
5.148716944444445
5.166170222222222
5.1836235
5.201076777777778
5.218530055555555
5.235983333333333
5.253436611111111
5.270889888888889
5.2883431666666665
5.305796444444445
5.323249722222222
5.3407029999999995
5.358156277777778
5.375609555555555
5.3930628333333335
5.410516111111111
5.427969388888889
5.4454226666666665
5.462875944444444
5.480329222222222
5.4977825
5.515235777777778
5.532689055555555
5.5501423333333335
5.567595611111111
5.585048888888889
5.602502166666667
5.619955444444444
5.637408722222222
5.654862
5.672315277777778
5.689768555555555
5.707221833333333
5.72467511111111
5.742128388888889
5.759581666666667
5.777034944444444
5.794488222222221
5.8119415000000005
5.829394777777778
5.846848055555555
5.864301333333333
5.88175461111111
5.899207888888889
5.916661166666667
5.934114444444444
5.951567722222221
5.969020999999999
5.986474277777778
6.003927555555555
6.021380833333333
6.03883411111111
6.056287388888889
6.073740666666667
6.091193944444444
6.1086472222222215
6.126100499999999
6.143553777777778
6.161007055555555
6.178460333333333
6.19591361111111
6.213366888888888
6.230820166666667
6.248273444444444
6.2657267222222215
0.0
